Response,Great deal,Fair amount,Only a little,Not at all
2019,43%,31%,16%,10%
2018,46%,30%,17%,7%
2017,47%,31%,15%,7%
2016,43%,31%,19%,7%
2015,38%,33%,19%,10%
2014,46%,27%,21%,7%
2013,40%,30%,20%,9%
2012,36%,35%,22%,7%
2011,36%,36%,20%,8%
2010,38%,32%,22%,8%
2009,45%,31%,18%,6%
2008,43%,35%,17%,6%
2007,46%,33%,15%,5%
2000,59%,29%,9%,3%
1999,52%,35%,10%,3%
1990,58%,29%,9%,4%
1989,63%,24%,8%,4%
