Response,More frequently,No change,Less frequently,I rarely or never do this activity
Australia,18%,38%,10%,35%
Canada,16%,45%,7%,32%
France,16%,51%,6%,28%
Germany,12%,38%,15%,35%
Italy,31%,44%,12%,13%
Japan,18%,57%,5%,20%
Russia,27%,40%,19%,14%
United Kingdom,18%,49%,6%,27%
U.S.,23%,42%,12%,23%
Vietnam,57%,14%,21%,9%
China,50%,19%,25%,6%
India,55%,14%,25%,7%
