Response,Not at all concerned,A little concerned,Quite concerned,Very concerned,Extremely concerned
All,7%,26%,25%,24%,19%
Australia,7%,21%,27%,23%,23%
Brazil,2%,8%,20%,34%,37%
China,10%,35%,28%,19%,8%
France,3%,18%,29%,27%,23%
Germany,5%,32%,28%,23%,13%
Italy,2%,11%,28%,34%,25%
Japan,4%,22%,30%,24%,20%
Philippines,1%,3%,6%,29%,62%
Singapore,2%,13%,31%,32%,22%
South Africa,1%,12%,15%,26%,46%
Spain,2%,14%,28%,34%,22%
United Kingdom,4%,19%,23%,28%,26%
United States,4%,22%,21%,27%,27%
