Response,Addition (not replacing existing technology),Replacement of existing of existing technology,Upgrade of existing technology
IoT devices,63%,8%,29%
Mobile apps,54%,19%,28%
Cloud computing,53%,31%,17%
Data & analytics,52%,17%,32%
IT services,46%,29%,25%
Security,42%,30%,28%
Web apps,40%,27%,33%
Servers/storage,39%,30%,31%
Enterprise software (SaaS),35%,39%,26%
Networking,33%,32%,35%
Enterprise software (non-SaaS),32%,43%,26%
Desktops/laptops,29%,42%,29%
Telecom,16%,47%,36%
