Response,Great deal,Fair amount,Only a little,Not at all
2017,63%,22%,11%,4%
2016,61%,19%,13%,6%
2015,55%,22%,15%,8%
2014,60%,22%,13%,5%
2013,53%,26%,14%,6%
2012,48%,30%,15%,6%
2011,51%,26%,16%,7%
2010,50%,27%,17%,6%
2006,54%,27%,12%,5%
2000,72%,20%,6%,2%
1999,68%,22%,7%,3%
1991,67%,19%,10%,3%
1990,65%,22%,9%,4%
