Month,Favorable,Unfavorable,No opinion
May 2012,66%,29%,5%
Mar 2011,66%,31%,3%
Jul 2010,61%,35%,4%
Oct 2009,62%,34%,3%
Aug 2008,54%,43%,3%
Jul 2007,47%,48%,5%
Jul 2006,50%,44%,7%
Jul 2005,53%,43%,4%
Jul 2004,56%,38%,6%
Jun 2003,52%,44%,4%
Sep 2002,47%,44%,9%
Aug 2001,51%,44%,5%
Aug 2000,45%,50%,5%
Jul 1999,62%,35%,3%
Aug 1998,60%,35%,5%
Jun 1997,51%,42%,7%
Jun 1996,46%,47%,6%
Jul 1995,50%,44%,6%
Jul 1994,48%,46%,6%
