Response,Great deal,Fair amount,Only a little,Not at all
2012,36%,29%,23%,12%
2011,34%,30%,23%,13%
2010,31%,30%,24%,15%
2009,37%,28%,22%,12%
2008,37%,31%,20%,11%
2007,39%,30%,19%,12%
2006,34%,29%,23%,14%
2004,36%,26%,23%,15%
2003,34%,32%,21%,12%
2002,35%,30%,22%,12%
2001,43%,30%,19%,7%
2000,45%,33%,14%,8%
